p_no	u_no	g_no	p_quantity	 p_amount 	p_state
1	275	56	1	20520	1
2	158	56	1	20520	3
3	72	79	1	21600	2
4	39	79	1	20960	3
5	261	79	1	24104	2
6	155	8	2	20768	1
7	92	35	2	76258	3
8	206	62	2	67200	1
9	180	84	1	40664	1
10	24	84	1	31800	3
11	177	65	3	94620	3
12	101	23	2	94000	3
13	201	41	2	92720	3
14	121	149	3	140505	3
15	123	42	1	27048	3
16	109	42	1	27048	1
17	174	114	3	72390	3
18	5	117	1	24225	1
19	94	117	1	24225	1
20	179	6	3	15876	3
21	105	145	2	27540	1
22	91	82	1	4522	3
23	118	82	1	4522	1
24	190	82	1	4522	1
25	30	143	3	86664	2
26	86	37	1	18240	1
27	82	37	1	18240	3
28	123	116	2	32400	2
29	36	136	1	26790	1
30	235	87	1	44160	2
31	241	68	1	33400	2
32	43	43	1	28600	1
33	235	6	1	8964	2
34	23	144	2	58880	2
35	79	71	3	125700	1
36	276	26	2	83720	2
37	47	140	1	27370	2
38	29	140	1	27370	3
39	258	140	1	26100	1
40	187	139	1	13940	3
41	203	41	1	48800	1
42	62	150	4	136320	2
43	122	42	3	81144	2
44	271	113	3	99120	3
45	132	106	1	28152	2
46	16	23	1	39950	3
47	28	23	1	17170	1
48	96	23	1	23970	1
49	99	23	2	65400	3
50	158	137	5	162288	1
51	138	86	5	45500	3
52	23	133	5	49400	3
53	58	101	2	70400	3
54	119	9	1	15721	1
55	220	130	4	115920	1
56	158	69	3	31602	1
57	187	90	3	117135	2
58	207	13	1	5010	2
59	76	28	3	81090	1
60	135	137	3	121716	1
61	238	138	3	126735	3
62	266	9	1	15721	2
63	71	76	2	52440	1
64	217	36	4	146832	1
65	192	16	2	80070	2
66	39	71	1	38548	1
67	137	71	1	11375	2
68	251	13	3	37575	3
69	30	90	3	117135	1
70	227	73	3	61710	1
71	38	41	2	97600	1
72	116	43	1	26312	3
73	251	83	3	116790	3
74	50	28	2	26076	3
75	18	97	1	28530	2
76	53	37	5	72960	1
77	147	85	1	21850	3
78	80	10	5	153472	3
79	214	148	2	37740	2
80	201	22	1	33750	2
81	37	22	1	28530	3
82	120	22	1	14100	3
83	195	8	3	31152	1
84	145	150	5	136320	3
85	49	122	1	15810	1
86	119	122	1	15810	3
87	134	122	1	15810	3
88	25	122	1	15810	3
89	271	39	4	153176	2
90	205	36	3	110124	1
91	96	130	1	31500	2
92	219	134	2	74336	3
93	89	77	1	36100	3
94	99	15	4	23496	2
95	114	53	2	40112	3
96	147	103	1	13600	3
97	159	77	3	108300	1
98	68	124	3	117213	3
99	269	95	2	60822	2
100	198	74	3	93765	1
101	94	8	3	31152	3
102	53	110	3	25050	1
103	57	119	3	63180	2
104	265	83	3	116790	1
105	196	133	2	20800	2
106	181	66	1	40545	3
107	103	66	1	40545	3
108	240	66	2	77800	2
109	237	66	1	20880	3
110	176	72	3	110865	1
111	240	80	2	48280	3
112	48	18	1	8715	3
113	127	18	1	4725	2
114	74	23	4	159800	1
115	47	132	5	63296	3
116	25	139	1	13940	2
117	254	5	1	9912	2
118	50	115	3	89271	2
119	134	34	1	9605	2
120	188	34	1	9605	1
121	166	34	1	9605	1
122	191	34	1	9605	3
123	117	60	1	26080	2
124	137	126	2	60800	1
125	254	66	3	121635	2
126	278	85	3	62790	2
127	18	133	3	31200	1
128	150	25	3	118404	2
129	157	68	1	30060	3
130	82	31	1	39330	3
131	120	31	1	28500	2
132	22	51	1	29495	3
133	118	113	2	75992	1
134	30	1	4	152320	1
135	41	137	2	81144	2
136	146	34	2	19210	2
137	20	107	1	45227	3
138	99	5	1	9912	1
139	126	61	2	75992	2
140	274	96	1	43740	3
141	91	37	3	54720	2
142	194	2	3	45360	3
143	141	145	1	13770	2
144	128	17	1	30030	3
145	195	17	2	60800	1
146	24	119	1	22230	3
147	20	32	2	76160	1
148	178	34	2	19210	2
149	230	77	3	103740	1
150	229	76	2	52440	3
151	14	26	5	167440	3
152	4	9	3	29850	2
153	272	86	2	25000	3
154	140	44	1	17850	1
155	161	56	3	61560	1
156	74	8	3	31152	3
157	133	93	3	138663	1
158	154	34	1	9605	1
159	26	148	2	37740	3
160	101	1	2	26880	2
161	224	4	3	101040	2
162	173	144	3	104880	1
163	84	4	1	33680	3
164	210	37	3	54720	2
165	189	17	2	62700	1
166	48	7	1	38472	2
167	9	108	2	74256	2
168	115	57	1	29495	2
169	183	57	1	32965	3
170	115	79	1	20960	2
171	16	104	3	27963	1
172	139	100	2	31200	3
173	203	49	1	20800	3
174	90	150	3	102240	2
175	248	12	1	16798	1
176	247	73	2	41140	3
177	28	77	2	72200	1
178	9	136	5	95880	2
179	52	3	2	23352	1
180	177	85	5	83720	2
181	223	140	3	82110	3
182	256	61	2	75992	1
183	106	10	3	28776	1
184	175	99	3	35955	2
185	174	121	1	31832	2
186	124	131	1	11390	1
187	273	131	1	11390	1
188	28	131	1	11390	2
189	150	131	1	11390	2
190	64	60	3	78240	2
191	10	42	3	81144	2
192	231	29	3	105030	1
193	12	29	3	98400	2
194	139	29	1	30030	1
195	192	128	1	45448	3
196	46	40	2	52440	1
197	227	85	1	20930	1
198	246	68	2	60120	2
199	94	149	3	147900	3
200	114	7	1	17862	3
201	226	98	2	68170	3
202	209	106	3	84456	2
203	107	8	1	10384	2
204	164	118	1	35200	2
205	187	15	3	17622	3
206	88	129	1	11700	3
207	134	66	1	40545	3
208	226	150	2	25560	3
209	228	13	1	12525	1
210	228	9	2	31442	2
211	269	41	2	88816	2
212	13	61	3	123900	2
213	266	10	1	43600	1
214	112	100	2	29640	2
215	76	137	4	162288	3
216	107	26	3	125580	3
217	197	59	1	18800	2
218	105	45	2	35340	2
219	149	69	2	73280	1
220	81	30	3	60720	1
221	165	17	2	60060	2
222	111	17	2	66000	3
223	100	17	1	31350	1
224	277	111	4	148480	3
225	1	29	2	70020	3
226	95	62	1	28560	2
227	17	62	1	28560	3
228	97	62	1	21600	2
229	220	62	1	15480	1
230	223	10	3	28776	3
231	3	59	5	75200	3
232	153	115	1	31065	1
233	199	111	3	111360	2
234	183	90	1	37401	2
235	280	122	3	47430	1
236	208	66	2	81090	3
237	125	24	1	26200	3
238	265	11	1	19422	1
239	253	66	2	81090	1
240	188	74	3	78960	1
241	146	133	3	37050	2
242	214	12	3	121218	3
243	148	75	1	21240	3
244	222	120	2	82992	3
245	97	4	4	134720	3
246	60	32	2	89600	3
247	79	17	5	120120	1
248	260	51	2	58990	2
249	188	15	2	30260	2
250	228	49	1	17680	1
251	52	49	1	17680	2
252	112	114	3	70866	2
253	26	131	2	22780	1
254	69	124	3	117213	2
255	136	37	2	36480	1
256	19	93	5	188860	1
257	31	95	2	62130	1
258	240	55	3	32274	2
259	79	9	3	29850	1
260	277	18	2	17430	2
261	139	65	3	99600	1
262	1	141	2	49640	3
263	3	44	1	17850	2
264	116	147	3	120300	3
265	267	115	1	29757	3
266	125	82	5	44688	1
267	268	34	3	33900	3
268	136	47	1	36600	2
269	142	127	2	56780	1
270	161	12	1	16798	2
271	36	137	5	162288	1
272	271	137	2	21060	3
273	149	137	4	130800	1
274	278	77	3	114000	2
275	216	100	3	39780	2
276	76	76	2	51870	2
277	4	20	5	169660	1
278	221	103	3	37536	1
279	176	30	1	20240	3
280	18	122	5	63240	1
281	34	104	1	20315	3
282	86	7	1	38472	1
283	250	85	3	69000	3
284	3	77	3	114000	2
285	56	93	5	188860	3
286	190	116	1	12960	1
287	217	116	1	13770	2
288	34	116	1	13260	2
289	263	116	1	13770	3
290	169	41	4	185440	3
291	5	43	3	78936	1
292	30	1	2	26880	3
293	12	49	1	17680	3
294	71	99	1	11985	3
295	58	12	1	16798	3
296	207	99	3	35955	1
297	156	67	1	27880	3
298	76	19	3	129402	2
299	3	82	3	33516	1
300	48	144	1	29440	1
301	254	21	2	87210	3
302	244	127	2	56780	2
303	262	82	2	9044	3
304	265	107	3	135681	3
305	99	79	2	41920	3
306	257	128	3	136344	3
307	173	77	1	34580	1
308	125	11	5	51480	3
309	236	89	3	62640	3
310	214	90	1	39045	2
311	7	136	3	84600	3
312	229	116	3	38880	1
313	175	94	1	20230	1
314	87	94	1	20230	2
315	93	94	1	20230	2
316	54	94	1	20230	2
317	155	27	1	22300	1
318	37	127	1	33400	3
319	244	143	4	100480	2
320	108	107	2	91448	1
321	56	52	3	39015	2
322	53	95	4	124260	3
323	139	100	3	44460	3
324	175	33	2	34510	2
325	153	93	1	46221	2
326	141	3	4	14456	1
327	231	20	3	127245	3
328	70	99	1	11985	2
329	267	91	3	55752	3
330	210	136	1	26790	1
331	34	111	2	78880	2
332	110	149	2	93670	1
333	27	112	5	68480	3
334	247	48	3	91200	1
335	72	101	3	89760	3
336	262	145	3	45900	1
337	232	6	5	35856	1
338	268	80	2	48280	3
339	270	15	4	23496	2
340	4	77	3	108300	2
341	254	10	2	19184	2
342	206	143	2	50240	3
343	99	96	3	138510	2
344	171	26	2	83720	2
345	199	64	1	11736	1
346	70	102	1	34600	2
347	139	22	3	103500	2
348	190	7	1	17862	2
349	215	149	3	147900	1
350	86	55	2	21516	2
351	245	111	5	148480	2
352	20	91	1	17170	2
353	11	34	3	28815	3
354	37	90	1	37401	3
355	266	18	1	4725	3
356	242	124	2	78142	2
357	97	89	1	20880	2
358	277	121	3	95496	3
359	226	20	1	42415	1
360	174	20	2	30504	2
361	48	20	3	56400	2
362	27	20	2	38880	3
363	53	134	1	37168	1
364	31	89	3	72036	2
365	228	60	1	26080	1
366	38	130	2	57960	3
367	270	42	2	49980	1
368	57	8	2	20768	2
369	92	81	3	80316	2
370	203	54	2	86800	1
371	212	141	2	53728	3
372	220	19	1	47400	3
373	209	64	2	23472	1
374	124	55	5	53790	1
375	221	23	3	119850	3
376	204	25	1	39468	1
377	82	61	3	113988	2
378	79	59	1	18800	2
379	258	59	5	89300	2
380	198	125	4	108300	1
381	218	60	3	78240	3
382	254	49	1	17680	1
383	184	11	2	20592	1
384	226	150	3	127800	2
385	270	115	3	89271	3
386	260	76	1	26220	1
387	128	86	3	34125	2
388	208	19	2	86268	2
389	209	140	1	27370	3
390	233	53	4	82840	2
391	64	94	2	40460	3
392	113	141	2	53728	3
393	1	99	3	35955	3
394	18	36	1	36708	3
395	1	125	2	54150	2
396	82	17	3	94050	1
397	205	96	1	46170	2
398	221	93	1	46221	3
399	126	63	2	60822	2
400	236	82	3	33516	3
401	33	92	2	18900	2
402	61	63	1	30411	1
403	232	6	3	15876	2
404	210	60	1	27710	1
405	66	60	1	27710	2
406	231	60	1	27710	1
407	24	60	1	20800	2
408	240	134	1	37168	3
409	279	125	1	27075	2
410	229	8	3	31152	3
411	220	4	1	33680	2
412	246	127	2	53440	3
413	268	137	2	81144	1
414	35	16	1	40035	1
415	145	64	1	11736	1
416	206	40	1	28500	3
417	19	19	2	86268	1
418	49	50	2	66690	3
419	82	127	3	100200	2
420	152	131	2	22780	3
421	103	82	2	9044	1
422	266	10	1	43600	1
423	146	85	1	21850	3
424	52	52	3	39015	2
425	180	4	1	33680	2
426	17	84	2	81328	2
427	35	115	1	31065	2
428	167	115	3	89700	1
429	159	129	3	31590	3
430	122	66	3	121635	3
431	23	87	3	132480	3
432	105	106	2	56304	3
433	42	38	1	27795	3
434	115	136	1	26790	3
435	82	136	1	26790	2
436	18	56	3	58320	1
437	171	32	3	134400	2
438	15	2	3	45360	3
439	166	42	3	88200	2
440	8	40	2	52440	1
441	158	147	3	120300	1
442	214	42	3	74970	1
443	141	135	1	42504	1
444	246	71	3	119415	1
445	252	142	3	33150	2
446	232	12	2	80812	3
447	27	127	2	66800	3
448	218	38	3	83385	1
449	119	82	5	44688	1
450	147	43	2	52624	1
451	56	141	1	26864	3
452	40	137	2	81144	2
453	222	133	2	24700	3
454	227	120	1	43320	3
455	58	61	1	37996	3
456	34	66	3	121635	3
457	46	137	1	40572	1
458	38	69	2	73280	3
459	115	65	1	31540	2
460	93	67	1	27880	3
461	244	136	2	56400	2
462	113	150	1	37914	2
463	250	107	2	91448	2
464	94	78	2	60168	3
465	20	16	4	160140	1
466	239	11	2	38844	2
467	136	92	3	28350	3
468	135	54	1	36890	1
469	32	54	1	20400	3
470	123	54	1	36890	3
471	131	54	3	126360	1
472	166	123	3	97500	3
473	207	143	1	25120	2
474	270	85	3	62790	2
475	95	45	2	37200	1
476	7	18	2	21000	2
477	169	128	2	90896	1
478	123	62	1	28560	2
479	110	111	2	74240	2
480	189	28	3	39114	1
481	224	22	2	69000	2
482	96	61	1	37996	3
483	150	5	1	9912	3
484	145	28	1	13038	2
485	174	104	2	18642	2
486	170	107	3	137172	2
487	135	46	3	135792	1
488	23	54	3	110670	1
489	239	140	3	82110	1
490	249	140	2	24180	3
491	113	140	2	40400	3
492	176	140	3	82110	2
493	49	77	3	114000	3
494	19	63	2	65400	1
495	48	46	2	93480	3
496	266	66	3	121635	2
497	153	54	1	36890	3
498	143	81	2	53544	1
499	8	38	1	27795	2
500	171	149	3	140505	3
501	153	52	2	26010	1
502	113	79	2	48208	3
503	207	2	2	76896	3
504	186	98	2	76190	2
505	185	6	2	21600	3
506	24	117	1	20400	2
507	72	38	2	65400	2
508	74	100	3	46800	3
509	42	148	1	18870	2
510	166	148	1	11985	3
511	169	148	1	18870	2
512	125	148	1	18870	1
513	132	128	2	90896	3
514	119	3	1	3614	2
515	71	31	2	76176	3
516	201	145	2	30600	1
517	166	80	1	24140	3
518	279	123	2	55250	2
519	69	150	2	25560	1
520	13	113	1	33040	3
521	192	51	4	117980	3
522	180	9	1	15721	1
523	206	71	4	159220	3
524	247	93	2	92442	1
525	22	102	1	31832	3
526	78	101	3	89760	2
527	101	148	3	56610	2
528	185	98	2	76190	3
529	142	42	2	49980	2
530	177	13	2	10020	1
531	42	141	2	49640	3
532	88	143	3	86664	1
533	28	86	3	34125	3
534	230	66	5	162180	2
535	226	123	2	55250	3
536	8	75	1	21240	3
537	90	59	5	75200	1
538	112	41	2	88816	2
539	55	135	3	138600	2
540	256	87	2	86400	1
541	129	87	3	62400	2
542	125	87	1	39950	2
543	100	28	3	39114	3
544	244	39	3	114882	1
545	154	16	1	47100	1
546	58	4	1	33680	1
547	75	59	3	56400	3
548	274	97	3	85590	3
549	173	2	2	76896	2
550	275	125	2	57000	3
551	280	114	3	70866	2
552	273	80	3	72420	1
553	41	43	2	48620	2
554	97	28	4	108120	2
555	118	103	5	51680	3
556	232	4	1	33680	1
557	212	57	1	29495	1
558	116	57	2	65930	1
559	256	23	3	119850	3
560	136	23	5	104800	1
561	273	23	3	39780	3
562	170	23	3	103800	2
563	174	20	2	84830	2
564	276	101	2	59840	1
565	183	75	1	21712	1
566	21	33	3	51765	2
567	22	73	3	61710	1
568	3	147	3	120300	1
569	177	22	2	67500	2
570	82	82	3	33516	1
571	172	78	2	60168	3
572	166	140	2	64400	2
573	129	111	4	148480	2
574	228	144	3	104880	3
575	66	116	3	38880	1
576	79	120	2	86640	2
577	16	126	2	51680	1
578	120	84	1	40222	3
579	277	134	1	40400	1
580	19	30	3	60720	1
581	72	37	4	71424	3
582	257	57	3	88485	3
583	220	111	2	92800	3
584	46	111	2	51680	3
585	90	111	2	54720	2
586	151	111	1	15300	3
587	248	65	1	28220	3
588	185	71	3	119415	1
589	151	134	3	111504	1
590	192	67	1	27880	3
591	185	69	3	31602	3
592	239	137	2	81144	2
593	91	112	1	19688	2
594	139	88	4	113280	2
595	260	115	3	89271	3
596	75	33	1	20300	3
597	132	85	3	65550	3
598	68	115	2	59514	2
599	246	109	2	71400	1
600	116	108	3	111384	1
601	209	104	1	20315	2
602	197	41	2	88816	2
603	98	119	3	70200	3
604	24	96	3	138510	1
605	220	24	3	66810	3
606	19	34	3	28815	2
607	145	149	3	140505	2
608	67	7	3	53586	1
609	232	67	2	65600	3
610	64	30	3	60720	3
611	182	28	3	39114	1
612	6	87	3	132480	2
613	51	75	1	21712	2
614	26	75	1	21712	3
615	55	75	1	21712	3
616	245	60	1	26080	2
617	108	24	4	89080	3
618	233	91	1	17170	2
619	229	91	1	18584	2
620	136	91	1	18584	2
621	12	49	1	17680	3
622	229	77	2	72200	2
623	243	124	1	39071	1
624	7	2	2	76896	3
625	239	128	4	181792	3
626	194	12	2	80812	2
627	19	150	3	127800	3
628	130	9	4	39800	1
629	180	38	1	32700	2
630	64	110	5	41750	2
631	115	63	3	98100	1
632	42	115	5	124260	2
633	185	115	3	77700	3
634	200	83	2	77860	3
635	2	133	3	31200	3
636	135	112	1	17120	1
637	183	112	2	20800	2
638	110	112	2	39376	1
639	173	56	4	77760	3
640	81	103	2	27200	3
641	41	141	2	53728	1
642	187	36	4	151620	3
643	194	78	3	98100	1
644	241	8	1	10384	3
645	254	102	2	69200	1
646	141	107	2	90454	3
647	114	98	1	40100	1
648	139	89	1	26100	3
649	259	139	1	13940	1
650	95	88	5	134520	3
651	273	38	3	83385	1
652	213	18	2	21000	2
653	65	59	2	37600	1
654	6	3	5	18070	3
655	112	31	1	39330	3
656	141	102	3	83040	1
657	147	109	1	35700	2
658	280	55	1	25428	1
659	70	123	3	82875	3
660	105	78	1	30084	2
661	144	78	1	30084	3
662	273	78	1	30084	1
663	132	41	2	92720	2
664	155	106	3	84456	3
665	57	106	3	61548	2
666	74	106	3	84456	3
667	82	148	4	75480	3
668	187	42	4	99960	3
669	61	37	1	18240	1
670	35	73	3	61710	2
671	205	37	1	17856	3
672	223	100	1	13260	3
673	137	13	3	37575	1
674	252	78	2	60168	2
675	192	8	1	10384	2
676	24	66	1	47700	2
677	95	66	3	116700	2
678	202	66	1	40545	2
679	243	66	3	111520	2
680	150	112	1	19688	3
681	196	94	2	40460	3
682	84	35	1	41900	3
683	153	39	2	44832	2
684	204	17	2	62700	1
685	137	53	1	20710	3
686	211	127	4	113560	3
687	237	80	2	48280	2
688	233	149	5	187340	3
689	174	124	3	117213	2
690	161	19	2	87216	3
691	271	125	5	91200	1
692	268	53	2	40112	2
693	80	80	1	24140	3
694	141	71	2	77096	3
695	105	150	3	127800	1
696	86	19	1	43134	1
697	249	107	1	45724	2
698	50	9	2	31442	2
699	261	16	2	80070	3
700	171	54	1	36890	1
701	205	54	1	36890	1
702	57	54	1	20424	3
703	264	54	1	18800	1
704	59	95	1	32700	3
705	10	148	1	18870	2
706	57	31	2	76176	3
707	130	53	2	41420	3
708	170	101	2	56320	2
709	63	119	2	44460	1
710	26	48	2	51680	1
711	205	130	1	28980	1
712	249	130	2	59850	1
713	151	134	2	74336	1
714	82	34	2	19210	3
715	70	6	5	26460	1
716	56	114	3	72390	1
717	275	60	3	78240	3
718	46	134	5	148672	1
719	161	136	1	23970	3
720	86	120	3	129960	2
721	104	18	1	4725	1
722	240	30	1	20240	2
723	107	31	1	38088	1
724	79	107	1	45227	2
725	189	10	1	9592	3
726	143	45	2	35340	3
727	59	60	2	52160	3
728	134	128	1	45448	1
729	244	29	3	105030	3
730	42	7	2	35724	1
731	68	19	2	87216	3
732	199	27	2	37910	2
733	151	142	3	33150	2
734	242	53	1	20710	1
735	63	36	1	39900	1
736	77	91	2	40400	2
737	144	126	1	25840	3
738	55	84	3	132600	3
739	41	79	1	20960	2
740	246	138	2	84490	2
741	6	113	1	41300	1
742	60	9	4	39800	1
743	45	98	1	40100	2
744	167	41	2	92720	3
745	116	143	1	28888	3
746	131	117	2	40800	1
747	274	124	2	78142	1
748	155	2	1	38448	3
749	114	76	1	26220	2
750	19	76	1	26220	1
751	90	76	1	26220	2
752	193	45	2	35340	3
753	176	22	3	101250	2
754	165	124	2	40388	2
755	154	22	3	101250	3
756	219	86	1	11500	2
757	259	32	1	41216	3
758	162	61	1	37996	1
759	275	139	2	27880	1
760	165	50	1	35100	1
761	85	99	3	35955	1
762	272	11	2	38844	3
763	253	122	1	15810	1
764	62	4	1	33680	2
765	130	33	2	34510	2
766	96	69	2	73280	1
767	31	57	3	88485	2
768	1	138	1	49700	2
769	9	66	2	81090	2
770	235	96	1	46170	3
771	102	104	1	20315	3
772	267	136	2	47940	3
773	163	127	3	80160	1
774	162	127	1	28390	3
775	150	127	3	55800	3
776	186	127	2	48400	2
777	116	68	3	95190	2
778	182	67	2	55760	1
779	43	84	2	80444	3
780	249	124	1	39071	1
781	210	106	1	28152	3
782	249	76	3	77805	1
783	105	132	1	17200	2
784	160	137	1	40572	1
785	111	29	3	105030	1
786	237	109	5	142800	1
787	184	49	2	35360	1
788	189	16	1	40035	2
789	272	80	3	72420	3
790	209	56	3	64800	1
791	141	47	3	93330	1
792	268	30	3	60060	2
793	138	37	1	17856	2
794	48	106	3	84456	3
795	191	107	1	45724	1
796	138	108	1	37128	1
797	7	108	3	70866	2
798	129	108	2	41600	2
799	273	123	2	55250	2
800	168	113	2	66080	2
801	115	86	2	23000	3
802	235	94	2	40460	2
803	222	129	1	11115	3
804	134	139	2	27880	3
805	205	50	1	31590	3
806	142	42	4	108192	3
807	254	68	5	120240	1
808	5	138	4	168980	2
809	43	110	4	33400	2
810	194	106	4	112608	3
811	258	108	3	112608	3
812	272	148	4	75480	3
813	188	62	4	114240	3
814	14	45	1	17670	1
815	204	111	3	118320	1
816	235	94	1	20230	2
817	114	106	1	28152	2
818	48	39	1	22416	2
819	270	82	3	33516	2
820	98	88	1	28320	2
821	240	88	1	28320	2
822	21	46	2	90528	2
823	200	57	2	58990	1
824	165	137	2	81144	3
825	158	130	2	59850	1
826	211	144	4	117760	2
827	217	27	3	56865	1
828	168	90	4	149604	1
829	102	14	3	44484	1
830	71	75	1	21240	1
831	62	69	3	31602	2
832	150	16	2	80070	2
833	100	49	2	35360	2
834	181	75	4	84960	1
835	67	111	3	118320	2
836	128	68	1	31730	3
837	14	118	3	105600	3
838	155	118	3	98100	3
839	198	118	4	161920	3
840	235	14	2	51224	3
841	53	54	3	110670	2
842	276	91	4	68680	2
843	140	70	3	129129	1
844	103	82	2	9044	2
845	111	100	2	29640	1
846	199	4	4	134720	2
847	263	13	4	50100	2
848	96	141	3	74460	2
849	104	23	2	79900	3
850	167	84	2	81328	1
851	114	32	1	38080	3
852	115	134	1	37168	3
853	246	134	1	37168	2
854	191	134	1	24310	3
855	22	72	2	73910	3
856	211	102	2	55360	1
857	256	79	3	72312	2
858	53	10	3	28776	2
859	195	51	3	88485	1
860	43	69	3	109920	3
861	276	19	4	174432	3
862	143	35	3	114387	3
863	45	38	2	55590	2
864	82	106	2	56304	3
865	152	10	4	153472	2
866	119	142	3	33150	3
867	221	121	3	95496	2
868	55	78	2	60168	1
869	14	69	4	42136	1
870	255	113	4	132160	1
871	109	13	1	12525	2
872	263	19	4	172536	1
873	212	83	1	38930	1
874	73	9	2	31442	1
875	212	148	2	37740	1
876	167	126	4	103360	2
877	147	60	2	52160	2
878	36	43	4	105248	3
879	80	33	2	34510	1
880	111	12	2	80812	1
881	87	23	3	119850	2
882	268	141	2	53728	2
883	164	55	1	25428	1
884	39	24	4	89080	1
885	29	7	4	71448	2
886	229	28	4	110664	3
887	137	31	2	78660	1
888	9	31	1	17200	3
889	61	60	1	27710	1
890	78	60	4	104320	2
891	77	68	1	30060	2
892	44	6	2	17928	3
893	64	86	3	34125	3
894	127	131	1	11390	1
895	74	44	1	17850	1
896	263	113	1	37996	1
897	118	8	3	31152	3
898	167	65	4	112880	2
899	219	57	3	88485	2
900	123	6	3	15876	3
901	34	61	1	37996	1
902	157	7	4	71448	2
903	234	25	2	78936	3
904	184	21	4	168912	1
905	258	16	3	120105	2
906	148	19	3	130824	1
907	278	112	2	39376	1
908	276	100	1	14820	2
909	5	100	1	14820	2
910	81	29	1	35788	1
911	205	24	1	22270	1
912	96	24	3	66810	3
913	6	24	1	21400	1
914	98	24	2	24388	1
915	163	94	2	40460	2
916	194	113	2	75992	2
917	183	103	4	51680	1
918	109	67	1	27880	2
919	31	62	2	57120	2
920	154	67	4	111520	3
921	215	103	2	25024	2
922	203	117	1	24225	2
923	116	104	2	18642	3
924	198	18	1	4725	2
925	188	71	4	159220	1
926	237	138	1	42245	1
927	203	11	1	19422	3
928	204	47	1	31110	1
929	2	66	2	81090	2
930	256	116	3	41310	1
931	113	61	4	151984	1
932	84	91	4	74336	2
933	80	91	1	17170	3
934	90	38	3	83385	1
935	31	69	4	42136	3
936	81	131	1	11390	3
937	59	131	1	11390	3
938	110	131	1	11390	2
939	46	131	1	11390	1
940	137	122	4	63240	1
941	47	137	1	40572	1
942	15	122	1	15810	1
943	90	81	4	107088	1
944	232	123	2	55250	1
945	39	105	3	117045	3
946	194	47	3	93330	1
947	193	29	2	70020	3
948	236	87	4	172800	2
949	156	80	4	96560	3
950	186	57	3	88485	1
951	98	134	1	37168	2
952	59	111	2	74240	3
953	210	127	2	56780	2
954	146	149	4	181424	2
955	183	41	2	88816	1
956	228	94	3	60690	2
957	28	40	4	104880	3
958	274	63	2	60822	3
959	226	115	1	31065	2
960	254	12	1	16798	3
961	213	57	2	58990	2
962	27	130	2	57960	1
963	248	16	1	40035	2
964	99	8	1	10384	2
965	98	101	4	112640	1
966	190	29	1	35788	3
967	255	89	1	20880	3
968	254	89	1	24012	2
969	96	89	1	24012	2
970	142	24	4	89080	1
971	269	74	2	52640	2
972	270	77	4	138320	3
973	192	58	4	145540	2
974	53	75	2	43424	2
975	23	100	1	14820	3
976	187	7	4	71448	2
977	196	19	3	130824	2
978	166	132	3	46440	3
979	6	128	4	181792	3
980	256	125	2	45600	2
981	165	39	3	114882	3
982	222	73	3	61710	2
983	185	117	1	24225	3
984	192	130	1	28980	1
985	130	145	3	42228	2
986	216	113	1	37996	2
987	136	98	4	136340	3
988	152	99	1	11985	2
989	54	16	1	11304	3
990	51	1	3	114240	3
991	249	35	3	114387	1
992	110	79	2	41920	3
993	184	90	4	149604	1
994	154	106	3	84456	1
995	16	106	4	75200	3
996	126	106	1	18600	1
997	276	26	1	41860	3
998	260	76	4	103740	3
999	15	60	2	52160	2
1000	263	58	1	36385	1
1001	192	14	4	59312	2
1002	24	50	4	133380	2
1003	87	4	4	134720	1
1004	162	92	1	22680	1
1005	82	145	4	56304	1
1006	96	140	4	109480	2
1007	172	47	2	62220	3
1008	23	120	4	173280	3
1009	145	35	2	76258	1
1010	146	81	4	107088	3
1011	25	47	3	93330	1
1012	123	109	4	142800	1
1013	31	91	4	74336	1
1014	88	63	1	30411	2
1015	253	75	3	63720	3
1016	44	111	4	157760	1
1017	221	117	2	48450	2
1018	2	114	1	24130	1
1019	173	39	4	153176	1
1020	243	91	4	68680	2
1021	146	120	1	43320	2
1022	210	126	1	25840	2
1023	7	117	1	24225	1
1024	250	133	4	41600	3
1025	84	12	2	33596	2
1026	83	144	3	88320	2
1027	221	80	2	48280	2
1028	179	52	1	13005	1
1029	244	66	2	81090	3
1030	126	57	4	117980	1
1031	118	137	4	162288	1
1032	166	114	4	94488	2
1033	231	120	4	165984	1
1034	71	92	2	45360	1
1035	152	96	1	46170	1
1036	13	30	3	60720	3
1037	169	75	1	21240	3
1038	25	75	2	42480	1
1039	139	85	3	65550	2
1040	3	143	3	75360	2
1041	104	6	3	15876	1
1042	240	96	2	87480	2
1043	255	120	4	165984	2
1044	161	38	1	27795	1
1045	194	38	1	27795	1
1046	117	38	1	27795	2
1047	33	38	1	27795	3
1048	131	36	1	36708	2
1049	212	148	1	18870	3
1050	98	62	3	85680	1
1051	20	67	1	27880	2
1052	207	142	1	11050	2
1053	186	120	1	43320	2
1054	203	2	1	38448	1
1055	101	2	1	38448	1
1056	36	34	4	38420	1
1057	278	125	1	22800	1
1058	62	111	4	157760	3
1059	191	91	4	68680	2
1060	113	123	3	82875	1
1061	160	32	4	164864	2
1062	119	122	1	15810	2
1063	32	133	3	37050	3
1064	272	21	3	130815	2
1065	42	71	2	77096	2
1066	15	148	3	56610	1
1067	171	148	4	68800	1
1068	90	148	1	18870	2
1069	222	148	1	18870	3
1070	119	26	3	125580	1
1071	124	140	2	54740	3
1072	278	48	1	27968	3
1073	277	145	3	42228	2
1074	91	73	1	20570	3
1075	111	61	2	75992	1
1076	155	111	4	148480	2
1077	14	19	4	172536	3
1078	93	39	3	67248	3
1079	154	6	1	8964	2
1080	106	144	2	58880	1
1081	40	137	2	81144	3
1082	235	121	4	127328	3
1083	112	20	2	84830	3
1084	278	135	2	73920	3
1085	251	149	4	181424	3
1086	179	48	1	25840	2
1087	93	9	1	15721	1
1088	208	48	4	111872	2
1089	242	12	3	121218	2
1090	101	141	3	74460	2
1091	143	2	1	38448	2
1092	141	48	2	51680	3
1093	30	38	3	83385	2
1094	255	82	2	9044	3
1095	149	67	4	111520	2
1096	18	148	3	56610	2
1097	198	50	2	63180	3
1098	175	16	1	11304	3
1099	200	65	4	112880	2
1100	220	147	4	147568	3
1101	216	62	4	114240	3
1102	85	133	1	12350	2
1103	207	131	3	34170	2
1104	262	14	2	51224	2
1105	111	131	4	45560	2
1106	245	90	3	117135	2
1107	105	150	1	37914	3
1108	278	66	2	81090	1
1109	84	86	3	34500	1
1110	109	78	2	60168	2
1111	133	89	1	20880	3
1112	142	150	4	136320	2
1113	261	10	1	9592	1
1114	40	92	4	37800	2
1115	1	101	4	119680	1
1116	250	35	4	152516	2
1117	73	118	2	80960	1
1118	154	56	1	19440	1
1119	124	148	4	75480	2
1120	62	18	3	26145	1
1121	257	20	2	84830	3
1122	123	20	2	28200	1
1123	212	20	2	73600	1
1124	113	20	1	40800	3
1125	155	79	3	72312	3
1126	133	71	3	115644	3
1127	129	70	4	172172	2
1128	145	140	4	109480	2
1129	4	23	3	119850	1
1130	180	98	3	102255	2
1131	195	129	2	22230	2
1132	204	73	2	41140	3
1133	37	128	2	90896	1
1134	26	116	1	12960	3
1135	29	41	1	46360	1
1136	232	69	2	73280	1
1137	136	144	3	104880	2
1138	84	42	1	27048	2
1139	45	42	1	27048	3
1140	184	42	1	27048	2
1141	9	52	1	13005	2
1142	10	21	1	42228	1
1143	31	79	1	24104	1
1144	33	42	2	54096	1
1145	184	150	3	113742	3
1146	260	8	1	3422	3
1147	180	40	1	25650	3
1148	97	55	4	43032	1
1149	101	21	4	168912	2
1150	275	129	4	42120	1
1151	1	55	3	32274	1
1152	92	16	1	11304	3
1153	123	2	2	76896	2
1154	34	41	4	177632	1
1155	187	131	4	45560	1
1156	158	47	2	62220	1
1157	86	3	4	14456	3
1158	41	44	1	17850	3
1159	21	136	1	23970	1
1160	214	150	2	25560	2
1161	259	18	4	34860	2
1162	253	132	4	61920	1
1163	176	96	4	174960	2
1164	180	1	3	114240	2
1165	43	111	1	39440	3
1166	280	47	1	31110	3
1167	248	64	2	23472	3
1168	267	143	4	115552	3
1169	275	139	3	41820	3
1170	14	66	1	40545	1
1171	5	28	4	110664	1
1172	175	16	4	160140	1
1173	14	53	3	60168	2
1174	243	134	3	111504	2
1175	8	109	3	107100	2
1176	46	106	2	56304	1
1177	30	46	2	93480	2
1178	130	9	1	15721	2
1179	71	110	4	116232	2
1180	107	107	4	180908	2
1181	84	82	2	9044	2
1182	156	138	1	42245	2
1183	197	81	3	82935	2
1184	64	146	4	98420	2
1185	205	147	4	147568	1
1186	176	147	4	93600	2
1187	243	147	1	21600	1
1188	127	120	3	124488	3
1189	115	106	3	84456	3
1190	168	18	3	26145	2
1191	78	84	2	81328	1
1192	242	96	1	46170	3
1193	255	96	1	46170	1
1194	4	29	3	107364	2
1195	72	125	4	108300	1
1196	108	86	3	34125	2
1197	190	129	1	11115	2
1198	73	135	2	73920	2
1199	271	6	3	15876	1
1200	151	94	2	40460	3
1201	15	93	3	138663	3
1202	7	96	2	87480	1
1203	157	96	3	138510	3
1204	53	59	3	56400	2
1205	170	146	2	46620	3
1206	57	85	4	83720	3
1207	275	71	3	115644	2
1208	72	21	3	130815	1
1209	279	68	3	95190	2
1210	253	118	2	70400	2
1211	185	3	2	23352	2
1212	122	11	2	38844	3
1213	209	140	2	54740	1
1214	234	93	3	138663	2
1215	215	147	1	36892	3
1216	159	80	2	48280	1
1217	69	99	2	23970	3
1218	222	4	1	33680	1
1219	9	122	1	15810	1
1220	180	70	2	86086	3
1221	209	75	2	42480	1
1222	206	57	1	32965	3
1223	175	106	1	28152	2
1224	93	96	2	87480	2
1225	39	39	1	22416	3
1226	107	139	2	27880	3
1227	225	121	1	31832	3
1228	232	121	1	31832	1
1229	189	121	1	13000	2
1230	163	122	2	31620	1
1231	89	84	3	121992	3
1232	234	108	2	75072	3
1233	267	31	2	78660	1
1234	106	55	2	50856	3
1235	265	81	2	53544	1
1236	248	58	4	122560	1
1237	205	16	4	160140	3
1238	213	34	1	9605	3
1239	260	35	1	38548	1
1240	13	77	1	34580	3
1241	29	65	3	84660	1
1242	243	66	1	40545	3
1243	78	3	4	14456	2
1244	231	33	2	34510	1
1245	167	91	4	68680	3
1246	180	139	3	41820	1
1247	120	43	3	72930	1
1248	220	99	3	35955	1
1249	244	40	4	104880	3
1250	140	40	3	57600	2
1251	57	40	1	26220	1
1252	213	3	2	23352	3
1253	60	4	3	101040	1
1254	44	135	1	42504	3
1255	119	69	2	73280	3
1256	62	64	3	35208	2
1257	168	125	1	22800	2
1258	113	47	3	93330	1
1259	111	61	4	151984	2
1260	95	55	3	76284	2
1261	90	145	4	55080	2
1262	273	103	1	12512	3
1263	45	100	3	44460	1
1264	154	15	3	45390	1
1265	273	36	3	110124	2
1266	110	143	2	57776	1
1267	148	73	1	20570	2
1268	29	73	1	20570	1
1269	142	73	1	20570	2
1270	50	73	1	20570	1
1271	238	89	1	24012	1
1272	45	50	2	63180	2
1273	177	47	3	93330	2
1274	172	90	2	74802	3
1275	108	43	1	26312	2
1276	226	2	3	45360	1
1277	232	115	2	62130	1
1278	137	34	1	9605	2
1279	203	10	1	9592	1
1280	4	74	2	52640	1
1281	92	138	2	84490	2
1282	78	133	4	49400	1
1283	54	120	1	43320	2
1284	16	64	1	11736	3
1285	68	91	4	74336	2
1286	203	108	3	112608	3
1287	210	69	2	73280	2
1288	106	14	3	44484	3
1289	74	68	2	60120	1
1290	125	98	1	34085	3
1291	226	68	3	95190	3
1292	32	45	3	47430	1
1293	14	70	1	43043	1
1294	187	6	3	26892	2
1295	77	125	2	45600	3
1296	137	132	1	15824	2
1297	63	132	1	15824	1
1298	183	132	2	31648	3
1299	232	10	4	38368	3
1300	114	82	3	13566	2
1301	224	124	4	156284	2
1302	90	63	3	93195	2
1303	36	135	3	110880	3
1304	173	29	1	35010	3
1305	199	25	2	78936	1
1306	65	103	4	50048	1
1307	96	88	3	106200	1
1308	226	8	2	20768	1
1309	224	86	3	37500	3
1310	212	41	2	97600	3
1311	149	133	1	13000	1
1312	198	83	5	229000	1
1313	107	92	5	47250	3
1314	199	150	4	170400	2
1315	91	86	1	12500	1
1316	183	83	3	116790	1
1317	206	55	3	76284	3
1318	88	129	1	10530	3
1319	280	148	3	66600	1
1320	162	131	4	53600	3
1321	232	14	3	44484	1
1322	67	129	1	11700	1
1323	10	122	1	15810	3
1324	156	122	1	15810	3
1325	141	122	1	15810	1
1326	261	33	2	34510	2
1327	14	121	4	127328	2
1328	164	88	2	70800	3
1329	190	16	5	235500	2
1330	18	47	2	73200	2
1331	274	73	1	20570	1
1332	161	1	2	26880	3
1333	122	130	1	28980	3
1334	76	91	4	68680	2
1335	30	128	4	181792	1
1336	128	125	3	85500	3
1337	4	72	2	73910	3
1338	57	140	1	32200	1
1339	21	45	1	18600	2
1340	272	15	4	23496	3
1341	224	124	5	100970	3
1342	270	76	2	51870	3
1343	132	20	1	49900	2
1344	188	87	5	240000	2
1345	270	27	2	44600	1
1346	214	20	4	169660	1
1347	131	14	1	25612	1
1348	83	47	2	73200	3
1349	34	99	1	11985	3
1350	55	99	1	11985	2
1351	40	99	1	11985	2
1352	187	99	3	42300	1
1353	141	81	1	29100	3
1354	86	98	4	152380	1
1355	279	24	2	52400	2
1356	258	89	1	26100	1
1357	260	34	3	28815	1
1358	254	132	3	51600	2
1359	228	104	3	27963	1
1360	235	94	1	20230	3
1361	147	10	2	87200	2
1362	88	28	2	63600	1
1363	106	79	1	26200	2
1364	140	132	3	51600	3
1365	176	7	4	71448	2
1366	279	22	4	150000	2
1367	196	126	2	51680	2
1368	147	129	3	35100	3
1369	40	44	1	21000	1
1370	103	141	1	24820	3
1371	278	94	2	47600	3
1372	18	15	1	5874	3
1373	237	56	1	21600	3
1374	250	75	2	43424	3
1375	50	75	5	118000	3
1376	231	69	2	73280	1
1377	8	129	4	46800	2
1378	59	59	2	47000	1
1379	66	128	1	45448	2
1380	136	10	2	87200	1
1381	30	90	3	117135	3
1382	81	114	3	70866	2
1383	160	52	3	45900	2
1384	13	105	4	156060	3
1385	158	81	4	116400	1
1386	162	4	4	134720	1
1387	252	127	2	53440	1
1388	231	55	4	43032	2
1389	69	70	3	129129	1
1390	101	70	3	94860	2
1391	210	70	2	94600	3
1392	148	118	4	161920	1
1393	231	95	4	130800	1
1394	226	47	5	183000	2
1395	145	65	1	28220	2
1396	21	7	2	76944	2
1397	162	117	2	51000	3
1398	240	44	3	63000	2
1399	81	101	2	70400	2
1400	50	47	4	124440	2
1401	214	89	4	104400	3
1402	67	119	4	88920	2
1403	152	104	5	46605	1
1404	50	20	2	99800	3
1405	188	6	2	21600	1
1406	137	8	3	35400	1
1407	261	32	1	44800	2
1408	33	7	2	35724	2
1409	221	54	3	130200	2
1410	189	2	1	15120	1
1411	94	49	1	17680	1
1412	150	49	1	17680	1
1413	202	49	1	17680	2
1414	23	49	2	35360	1
1415	204	120	1	45600	1
1416	139	30	2	40480	3
1417	184	86	1	11500	3
1418	20	42	3	74970	2
1419	246	45	2	35340	3
1420	278	104	2	18642	3
1421	238	43	4	114400	3
1422	1	35	1	41900	2
1423	224	53	3	60168	2
1424	202	117	3	76500	3
1425	242	24	4	104800	3
1426	29	95	2	60822	1
1427	174	50	1	35100	2
1428	161	97	3	90345	1
1429	210	132	5	86000	2
1430	241	135	1	46200	1
1431	176	99	3	35955	3
1432	23	5	3	29736	1
1433	200	140	4	109480	2
1434	116	18	1	4725	1
1435	211	141	4	116800	3
1436	257	11	5	51480	2
1437	99	98	3	120300	3
1438	229	148	1	22200	1
1439	266	122	2	37200	1
1440	141	130	1	31500	1
1441	204	82	1	4522	2
1442	156	74	2	52640	1
1443	148	128	5	247000	2
1444	204	86	2	25000	2
1445	202	84	5	221000	1
1446	174	105	1	39015	2
1447	263	105	1	39015	2
1448	43	119	2	46800	2
1449	251	150	3	38340	2
1450	180	85	3	69000	3
1451	11	132	1	15824	3
1452	104	132	1	15824	3
1453	64	132	4	63296	1
1454	111	112	1	17120	1
1455	222	127	1	33400	2
1456	258	132	3	47472	3
1457	252	138	5	248500	3
1458	207	138	1	25840	3
1459	143	138	1	32500	3
1460	183	138	3	149100	3
1461	112	18	3	31500	3
1462	168	44	5	105000	3
1463	217	108	3	122400	2
1464	154	20	1	42415	3
1465	43	20	1	42415	3
1466	186	123	3	97500	3
1467	150	144	2	73600	1
1468	219	77	2	69160	3
1469	228	84	3	132600	3
1470	275	111	3	139200	2
1471	22	111	1	39440	2
1472	75	111	1	39440	3
1473	124	111	1	26200	2
1474	222	147	5	200500	1
1475	8	133	1	10400	3
1476	196	118	1	40480	1
1477	166	73	1	24200	1
1478	191	128	1	45448	3
1479	73	62	5	168000	2
1480	77	66	1	40545	3
1481	237	66	1	40545	3
1482	269	66	1	32500	1
1483	257	66	1	37401	2
1484	145	128	1	45448	3
1485	60	67	5	164000	1
1486	252	45	2	37200	3
1487	190	130	2	63000	3
1488	89	101	4	140800	2
1489	221	76	3	78660	2
1490	96	29	2	71576	1
1491	98	124	1	20194	3
1492	81	56	1	21600	1
1493	55	87	2	96000	1
1494	201	14	4	59312	3
1495	95	128	2	98800	3
1496	43	128	2	37600	3
1497	31	128	2	90896	3
1498	25	8	4	47200	3
1499	55	122	3	47430	1
1500	277	15	2	30260	3
1501	273	77	1	38000	2
1502	101	14	2	29656	3
1503	164	60	2	52160	2
1504	278	123	3	97500	2
1505	214	95	2	60822	3
1506	236	9	3	47163	2
1507	268	16	4	188400	3
1508	91	4	4	168400	3
1509	147	92	1	22680	1
1510	113	8	1	11800	2
1511	77	150	4	170400	2
1512	38	69	5	52670	3
1513	72	28	3	95400	3
1514	16	29	2	70020	2
1515	228	63	5	163500	2
1516	69	6	2	21600	1
1517	197	53	1	20056	2
1518	118	98	4	136340	2
1519	24	148	2	44400	1
1520	204	147	4	160400	1
1521	86	23	1	47000	3
1522	247	16	5	235500	3
1523	11	30	1	22000	2
1524	72	83	2	77860	1
1525	188	94	2	40460	2
1526	67	15	1	5874	3
1527	138	98	3	120300	1
1528	253	103	3	40800	3
1529	90	138	1	49700	2
1530	72	138	4	102375	3
1531	46	138	5	248500	1
1532	228	138	1	13000	1
1533	263	29	4	143152	2
1534	6	20	3	149700	1
1535	223	58	1	30640	3
1536	44	31	4	157320	2
1537	80	58	2	72770	3
1538	251	10	4	174400	2
1539	262	69	1	36640	2
1540	190	5	3	29736	2
1541	93	135	1	46200	2
1542	85	67	4	111520	1
1543	168	42	5	124950	1
1544	128	38	1	32700	3
1545	124	88	5	177000	2
1546	91	16	5	235500	2
1547	276	24	1	26200	3
1548	157	58	1	38300	2
1549	234	75	5	118000	3
1550	6	47	1	36600	1
1551	152	31	3	114264	1
1552	137	98	3	120300	1
1553	11	88	1	35400	3
1554	130	5	3	29736	2
1555	156	136	2	47940	3
1556	23	52	1	15300	1
1557	162	22	2	67500	2
1558	103	22	1	37500	1
1559	206	22	1	37500	1
1560	18	65	3	99600	1
1561	242	50	1	35100	3
1562	129	92	1	22680	1
1563	221	71	1	39805	3
1564	119	71	1	39805	3
1565	102	36	4	159600	1
1566	223	40	4	104880	2
1567	157	13	1	12525	1
1568	141	76	4	114000	2
1569	165	4	2	67360	1
1570	176	29	3	107364	1
1571	69	97	2	57060	1
1572	72	58	2	76600	2
1573	254	44	2	35700	1
1574	243	121	4	127328	3
1575	216	86	3	34500	1
1576	63	100	2	31200	1
1577	243	33	2	40600	3
1578	75	146	4	103600	1
1579	178	137	3	121716	3
1580	184	95	1	31065	3
1581	228	95	4	124260	1
1582	244	129	2	23400	2
1583	57	119	3	70200	3
1584	234	21	2	87210	1
1585	6	44	3	63000	3
1586	239	76	4	114000	3
1587	266	68	3	100200	1
1588	280	150	1	42600	3
1589	3	132	4	68800	3
1590	167	145	2	28152	2
1591	140	124	4	80776	2
1592	48	38	1	27795	1
1593	274	115	1	29757	3
1594	191	115	1	29757	2
1595	63	6	2	17928	2
1596	104	41	4	177632	2
1597	205	53	1	21800	1
1598	88	53	1	20710	2
1599	86	138	2	84490	1
1600	262	138	3	51600	2
1601	117	138	2	55360	1
1602	35	53	2	41420	2
1603	51	29	1	35010	2
1604	62	29	2	77800	2
1605	89	59	2	37600	3
1606	45	9	2	31442	1
1607	271	73	5	121000	3
1608	5	79	4	96416	1
1609	43	55	5	53790	3
1610	103	83	1	38930	3
1611	89	10	1	43600	3
1612	139	132	2	31648	2
1613	84	76	5	142500	2
1614	116	46	3	147600	2
1615	83	149	1	46835	1
1616	116	39	4	186800	3
1617	73	129	2	23400	2
1618	204	129	2	23400	2
1619	240	50	3	105300	2
1620	133	5	5	49560	2
1621	32	118	4	176000	3
1622	214	77	1	38000	3
1623	152	6	4	43200	2
1624	39	129	2	23400	2
1625	224	140	1	32200	1
1626	110	135	2	92400	3
1627	140	56	1	19440	2
1628	78	35	4	167600	3
1629	210	6	3	32400	2
1630	102	62	2	67200	3
1631	181	102	3	103800	3
1632	24	85	4	92000	1
1633	109	89	2	52200	3
1634	166	140	1	32200	3
1635	98	76	1	25935	1
1636	96	89	1	24012	1
1637	158	112	2	42800	1
1638	215	112	1	19688	2
1639	274	112	4	85600	3
1640	40	129	3	31590	3
1641	29	41	1	48800	2
1642	80	42	2	58800	1
1643	221	68	1	33400	2
1644	82	126	5	152000	2
1645	276	142	1	13000	1
1646	190	38	1	27795	2
1647	85	38	1	27795	1
1648	126	38	1	27795	3
1649	14	38	1	27795	2
1650	52	60	3	97800	1
1651	139	46	2	98400	2
1652	187	134	4	161600	3
1653	85	144	2	73600	1
1654	64	40	2	57000	2
1655	155	7	5	89310	3
1656	29	43	1	28600	2
1657	190	8	1	3422	2
1658	273	40	4	114000	2
1659	228	10	5	218000	2
1660	95	64	4	46944	3
1661	184	133	1	10400	1
1662	278	94	4	95200	1
1663	131	139	4	65600	2
1664	226	51	3	88485	2
1665	248	54	3	110670	3
1666	177	74	5	156275	3
1667	52	34	2	22600	3
1668	172	20	3	127245	1
1669	269	52	4	52020	2
1670	131	58	1	36385	1
1671	98	10	3	130800	3
1672	180	7	3	53586	3
1673	45	41	4	195200	2
1674	121	75	1	21712	1
1675	259	129	4	46800	3
1676	127	66	2	95400	1
1677	68	133	1	13000	1
1678	111	3	4	14456	3
1679	210	65	4	132800	3
1680	141	12	1	45400	2
1681	187	102	2	69200	1
1682	28	125	2	54150	2
1683	23	43	2	57200	3
1684	68	129	5	58500	3
1685	149	81	3	87300	3
1686	81	9	4	39800	1
1687	44	84	5	221000	3
1688	182	94	5	101150	1
1689	87	121	5	173000	2
1690	138	112	1	19688	2
1691	11	112	1	19688	1
1692	245	112	2	39376	3
1693	209	43	5	143000	3
1694	29	28	2	63600	3
1695	123	77	4	138320	3
1696	152	22	4	150000	2
1697	198	57	2	69400	3
1698	264	73	1	24200	2
1699	215	98	4	160400	1
1700	87	52	4	61200	1
1701	47	37	1	17856	3
1702	32	1	2	26880	3
1703	223	73	2	48400	2
1704	206	7	4	71448	1
1705	134	16	1	47100	1
1706	72	46	1	49200	3
1707	252	37	3	54720	2
1708	128	93	3	149100	3
1709	227	114	2	50800	3
1710	151	38	5	163500	2
1711	74	114	2	48260	1
1712	280	114	4	101600	2
1713	96	59	5	117500	1
1714	101	103	4	54400	1
1715	70	121	2	69200	2
1716	166	9	3	47163	3
1717	154	74	5	131600	2
1718	46	50	1	31590	1
1719	105	105	3	137700	3
1720	193	20	5	249500	1
1721	76	104	4	37284	2
1722	83	46	4	181056	3
1723	150	17	5	165000	2
1724	145	101	3	89760	1
1725	177	15	5	29370	3
1726	8	134	5	185840	2
1727	260	98	1	40100	3
1728	11	32	5	224000	2
1729	93	21	4	183600	3
1730	270	48	5	139840	3
1731	44	109	2	71400	2
1732	127	133	4	41600	2
1733	80	67	1	27880	3
1734	276	141	3	87600	3
1735	205	119	5	117000	1
1736	196	136	4	112800	3
1737	183	91	1	20200	1
1738	70	105	5	229500	1
1739	62	12	5	227000	3
1740	280	75	3	65136	2
1741	174	3	3	10842	2
1742	152	25	5	214500	1
1743	168	28	5	159000	2
1744	224	125	3	81225	3
1745	150	86	4	50000	1
1746	212	19	5	237000	3
1747	209	111	1	37120	2
1748	118	10	3	28776	2
1749	167	109	5	210000	2
1750	210	46	2	98400	3
1751	173	40	5	142500	3
1752	110	40	1	28500	2
1753	138	40	1	18800	1
1754	156	148	3	56610	2
1755	264	6	2	21600	2
1756	133	16	1	11304	2
1757	131	104	3	27963	2
1758	85	132	1	15480	2
1759	1	53	4	87200	2
1760	205	124	1	20194	3
1761	231	50	3	94770	3
1762	7	51	2	69400	3
1763	101	16	2	94200	3
1764	240	100	2	29640	1
1765	110	18	1	10500	2
1766	176	59	4	94000	3
1767	200	124	1	20194	1
1768	158	17	1	31350	1
1769	180	15	3	17622	3
1770	94	43	2	48620	1
1771	226	83	3	116790	3
1772	138	134	2	80800	2
1773	189	124	4	80776	1
1774	7	84	2	80444	3
1775	165	56	1	21600	2
1776	93	123	2	65000	1
1777	132	150	2	85200	3
1778	66	5	1	9912	2
1779	89	6	1	10800	3
1780	248	15	4	23496	3
1781	223	109	3	107100	3
1782	32	109	1	26200	1
1783	42	109	4	168000	1
1784	279	109	4	168000	2
1785	14	27	2	37910	3
1786	37	87	2	96000	3
1787	28	111	5	232000	2
1788	169	67	5	139400	2
1789	98	75	3	63720	1
1790	168	109	2	84000	3
1791	223	78	2	60168	2
1792	255	109	2	84000	3
1793	262	68	3	90180	1
1794	173	8	1	11800	3
1795	126	4	5	210500	2
1796	86	135	3	110880	1
1797	242	43	5	143000	1
1798	143	43	1	28600	2
1799	280	43	1	26312	2
1800	196	63	5	163500	3
1801	60	146	5	129500	3
1802	4	111	1	46400	3
1803	88	25	4	157872	2
1804	226	125	5	142500	1
1805	161	15	2	11748	2
1806	17	103	4	51680	1
1807	99	97	3	95100	2
1808	124	111	1	37120	1
1809	84	125	4	114000	2
1810	66	51	3	88485	2
1811	116	81	4	107088	2
1812	265	148	3	56610	2
1813	30	126	4	103360	3
1814	144	121	3	95496	2
1815	251	99	1	14100	2
1816	164	40	4	114000	2
1817	158	141	3	74460	3
1818	131	72	3	116700	2
1819	191	72	2	77800	2
