v_no	v_start	v_end	v_view
1	1	2	5
2	1	23	2
3	2	1	5
4	2	3	3
5	2	19	4
6	3	2	4
7	3	4	2
8	4	3	2
9	4	5	3
10	5	4	3
11	5	6	4
12	5	17	3
13	6	5	2
14	6	7	4
15	7	6	3
16	7	8	2
17	7	9	4
18	8	7	2
19	8	10	2
20	9	7	3
21	9	10	3
22	9	11	4
23	10	8	4
24	10	9	2
25	10	12	4
26	11	9	4
27	11	12	4
28	11	13	4
29	11	17	3
30	12	10	3
31	12	11	2
32	12	14	3
33	12	46	3
34	13	11	2
35	13	14	3
36	13	15	3
37	14	12	4
38	14	13	4
39	14	16	2
40	14	47	4
41	15	13	3
42	15	16	3
43	15	30	2
44	16	14	4
45	16	15	2
46	16	37	4
47	16	48	2
48	17	5	4
49	17	11	4
50	17	18	2
51	17	30	2
52	18	17	2
53	18	19	3
54	18	29	2
55	19	2	3
56	19	18	3
57	19	20	3
58	19	27	2
59	20	19	2
60	20	21	3
61	21	20	4
62	21	22	2
63	21	26	4
64	22	21	2
65	22	23	2
66	22	25	2
67	23	1	4
68	23	22	4
69	23	24	3
70	24	23	4
71	24	25	3
72	24	32	3
73	25	22	2
74	25	24	3
75	25	26	2
76	26	21	2
77	26	27	4
78	27	19	4
79	27	26	2
80	27	28	3
81	28	27	3
82	28	29	2
83	28	34	2
84	29	18	2
85	29	28	2
86	29	30	4
87	30	15	2
88	30	17	2
89	30	29	4
90	30	35	2
91	31	32	2
92	31	28	4
93	32	24	3
94	32	31	3
95	32	33	3
96	32	117	3
97	33	32	2
98	33	34	2
99	33	119	3
100	34	28	4
101	34	33	4
102	34	121	3
103	34	35	3
104	35	30	3
105	35	34	4
106	35	36	4
107	35	123	4
108	36	35	4
109	36	37	2
110	36	125	3
111	37	16	4
112	37	36	3
113	37	38	4
114	37	124	3
115	38	37	2
116	38	39	3
117	38	48	3
118	38	127	3
119	39	38	3
120	39	40	4
121	40	39	2
122	40	51	3
123	40	54	2
124	40	106	10
125	41	40	2
126	41	42	4
127	41	104	4
128	42	41	2
129	42	43	4
130	43	42	2
131	43	57	4
132	43	44	3
133	44	43	4
134	44	82	3
135	45	10	3
136	45	46	3
137	45	52	3
138	46	12	2
139	46	45	2
140	46	47	2
141	46	51	4
142	47	14	4
143	47	46	3
144	47	46	3
145	47	48	3
146	47	50	4
147	48	16	4
148	48	38	2
149	48	47	2
150	48	49	3
151	49	48	3
152	49	50	3
153	49	54	3
154	50	47	3
155	50	49	3
156	50	51	4
157	51	46	4
158	51	50	4
159	51	52	3
160	51	53	4
161	52	45	4
162	52	51	4
163	53	51	2
164	53	54	3
165	53	56	2
166	54	40	3
167	54	49	2
168	54	53	2
169	54	55	3
170	55	54	4
171	55	56	2
172	55	57	2
173	57	43	3
174	57	55	3
175	58	31	3
176	58	59	2
177	58	116	3
178	59	58	4
179	59	60	2
180	59	128	2
181	60	59	3
182	60	61	3
183	61	60	2
184	61	62	4
185	62	61	2
186	62	63	3
187	62	64	2
188	63	62	2
189	64	62	3
190	64	65	2
191	64	129	10
192	65	64	4
193	65	66	5
194	65	131	10
195	66	65	5
196	66	134	10
197	66	67	10
198	67	66	10
199	67	68	2
200	68	67	2
201	68	69	2
202	68	79	2
203	69	68	2
204	69	70	4
205	70	69	4
206	70	71	4
207	71	70	3
208	71	72	3
209	72	71	3
210	72	73	2
211	73	72	4
212	73	74	4
213	74	73	3
214	74	75	3
215	74	76	3
216	75	74	3
217	75	77	2
218	76	74	3
219	76	77	2
220	77	75	4
221	77	76	4
222	77	78	2
223	78	77	2
224	78	80	3
225	79	68	4
226	79	80	2
227	79	113	4
228	80	78	4
229	80	79	2
230	80	81	2
231	81	80	3
232	81	97	2
233	82	83	4
234	82	44	4
235	83	82	3
236	83	84	3
237	84	83	3
238	84	85	2
239	85	84	3
240	85	86	4
241	86	85	4
242	86	87	4
243	86	101	2
244	87	86	4
245	87	89	2
246	88	86	3
247	88	89	2
248	88	90	4
249	88	98	4
250	89	87	2
251	89	88	3
252	89	91	2
253	90	88	3
254	90	91	2
255	90	92	3
256	90	99	3
257	91	89	3
258	91	90	4
259	91	93	2
260	92	90	2
261	92	93	4
262	92	94	3
263	92	105	3
264	93	91	2
265	93	92	3
266	93	96	2
267	94	92	4
268	94	95	2
269	95	94	2
270	95	96	3
271	96	93	2
272	96	95	3
273	96	97	3
274	97	81	3
275	97	96	3
276	98	88	4
277	98	99	2
278	98	100	3
279	99	90	2
280	99	98	2
281	100	98	3
282	100	101	4
283	101	86	4
284	101	100	3
285	101	102	2
286	102	101	4
287	102	103	4
288	102	104	4
289	103	102	3
290	103	104	4
291	103	105	3
292	104	102	2
293	104	103	2
294	104	108	2
295	104	41	4
296	105	92	2
297	105	103	3
298	106	107	2
299	106	69	3
300	106	40	10
301	107	106	4
302	107	108	2
303	107	109	2
304	107	94	2
305	108	104	4
306	108	107	3
307	109	107	4
308	109	110	4
309	110	109	3
310	110	111	2
311	111	110	4
312	111	113	4
313	112	113	4
314	112	114	3
315	112	109	4
316	113	79	3
317	113	111	4
318	113	112	2
319	113	115	2
320	114	112	4
321	114	115	4
322	115	113	3
323	115	114	3
324	115	97	4
325	116	58	3
326	116	117	2
327	116	128	2
328	117	116	2
329	117	129	4
330	117	118	3
331	117	32	3
332	118	130	2
333	118	117	3
334	118	119	2
335	119	118	3
336	119	33	3
337	119	131	2
338	119	120	3
339	120	119	2
340	120	132	3
341	120	121	3
342	121	120	4
343	121	34	4
344	121	133	3
345	121	122	3
346	122	123	2
347	122	121	3
348	123	35	2
349	123	122	3
350	123	134	3
351	123	124	3
352	124	123	4
353	124	125	2
354	124	136	2
355	125	36	3
356	125	124	4
357	125	126	4
358	126	125	4
359	126	37	2
360	126	137	2
361	126	127	4
362	127	38	2
363	127	126	4
364	128	59	4
365	128	116	3
366	128	129	3
367	129	130	3
368	129	128	4
369	129	117	4
370	129	64	10
371	130	129	4
372	130	118	3
373	130	131	4
374	131	130	4
375	131	119	2
376	131	132	2
377	131	65	10
378	132	131	3
379	132	120	2
380	132	133	2
381	133	132	4
382	133	121	4
383	134	123	2
384	134	66	10
385	134	135	4
386	135	136	2
387	135	134	4
388	136	124	3
389	136	135	3
389	136	137	3
390	137	126	4
391	137	136	4
