o_no	u_no	p_no	o_count	d_no	o_find	o_push	o_date
1	16	52	1	1	2	2	2023-10-13
2	30	52	1	1	1	1	2023-07-20
3	21	52	2	7	1	1	2023-06-30
4	2	10	1	1	1	1	2023-10-13
5	5	10	1	7	1	1	2023-07-20
6	9	10	2	7	1	1	2023-06-30
7	9	22	1	2	1	1	2023-09-06
8	4	22	1	2	1	2	2023-08-26
9	14	22	1	2	1	2	2023-08-12
10	5	22	1	2	1	2	2023-09-18
11	48	22	1	7	1	1	2023-09-30
12	30	58	1	7	1	2	2023-10-10
13	22	57	1	2	1	2	2023-06-01
14	4	57	1	2	1	2	2023-08-03
15	7	57	1	7	1	1	2023-05-21
16	35	63	2	2	1	2	2023-07-07
17	37	63	1	2	1	1	2023-10-01
18	14	20	1	8	1	1	2023-09-30
19	32	20	1	8	1	1	2023-07-03
20	4	20	1	8	1	1	2023-05-25
21	31	20	1	8	1	1	2023-06-24
22	41	20	1	9	1	1	2023-07-17
23	29	20	1	9	1	2	2023-06-03
24	24	20	1	9	1	2	2023-06-15
25	13	24	1	2	1	1	2023-09-19
26	17	24	1	9	1	1	2023-06-29
27	32	24	1	9	1	1	2023-06-22
28	35	24	1	9	1	1	2023-08-07
29	50	24	1	2	1	2	2023-08-31
30	5	31	1	3	2	2	2023-06-21
31	18	31	1	3	2	2	2023-06-12
32	47	31	2	3	1	1	2023-08-28
33	9	31	1	3	1	1	2023-06-24
34	20	31	1	3	1	1	2023-08-08
35	35	31	1	3	1	1	2023-07-24
36	14	31	1	3	1	2	2023-09-18
37	27	31	1	3	1	2	2023-10-06
38	26	31	1	3	2	2	2023-09-26
39	41	31	1	3	1	1	2023-08-24
40	42	67	1	3	1	1	2023-07-22
41	16	67	1	3	1	1	2023-08-03
42	5	67	1	3	1	2	2023-07-14
43	19	67	1	3	1	2	2023-09-06
44	14	68	1	3	1	1	2023-09-21
45	33	68	1	3	1	1	2023-09-10
46	36	68	1	3	1	1	2023-08-11
47	50	68	1	3	1	1	2023-08-30
48	37	68	1	3	1	2	2023-06-15
49	46	68	1	3	2	2	2023-08-13
50	47	68	1	3	1	2	2023-05-17
51	2	68	1	3	1	1	2023-05-20
52	14	72	1	3	1	1	2023-06-05
53	34	72	1	3	1	1	2023-06-16
54	11	72	1	3	1	1	2023-09-28
55	16	72	1	3	1	1	2023-10-13
56	47	72	2	3	1	2	2023-07-04
57	8	54	1	1	2	2	2023-07-04
58	6	54	1	1	1	1	2023-06-25
59	41	54	1	1	1	2	2023-05-30
60	43	54	1	1	1	1	2023-08-22
61	49	54	1	1	1	1	2023-09-22
62	14	53	1	1	1	1	2023-10-01
63	50	53	1	1	1	2	2023-08-08
64	9	53	1	1	1	1	2023-10-10
65	11	53	3	1	1	2	2023-06-02
66	12	53	1	1	1	1	2023-06-28
67	33	53	1	1	1	1	2023-06-09
68	39	53	1	1	1	1	2023-08-03
69	38	53	1	1	1	1	2023-09-25
70	22	74	1	1	1	1	2023-07-30
71	36	74	1	1	1	1	2023-10-09
72	14	74	1	1	1	1	2023-06-15
73	1	74	1	1	1	1	2023-10-10
74	8	74	1	1	2	2	2023-06-16
75	30	74	1	1	2	2	2023-06-15
76	40	74	1	1	1	1	2023-08-12
77	13	73	1	1	1	2	2023-09-03
78	47	73	3	1	1	1	2023-10-01
79	36	73	1	1	1	1	2023-06-19
80	14	73	1	1	1	1	2023-05-31
81	9	73	1	1	1	1	2023-09-10
82	5	73	1	1	1	2	2023-08-23
83	1	73	1	1	1	2	2023-08-02
84	10	42	1	6	1	1	2023-07-25
85	16	42	1	6	1	1	2023-08-29
86	24	42	1	6	1	2	2023-06-07
87	26	42	1	6	1	1	2023-07-31
88	41	42	1	6	1	1	2023-05-23
89	48	42	1	6	1	2	2023-05-23
90	49	42	3	6	1	1	2023-08-22
91	5	41	1	1	1	1	2023-07-28
92	1	41	1	1	2	2	2023-07-29
93	6	41	1	1	2	2	2023-07-28
94	7	41	1	1	2	2	2023-06-25
95	15	41	1	1	1	1	2023-09-21
96	7	45	1	1	1	1	2023-10-02
97	1	45	1	1	1	1	2023-06-13
98	10	45	1	1	1	1	2023-06-08
99	12	45	1	1	1	1	2023-08-03
100	19	45	1	1	1	2	2023-08-31
101	42	45	1	1	1	1	2023-06-06
102	44	46	1	1	1	1	2023-09-09
103	49	46	1	1	1	1	2023-05-24
104	41	46	1	1	1	2	2023-07-28
105	8	47	1	3	1	1	2023-09-15
106	1	49	1	4	1	1	2023-07-24
107	41	49	1	4	1	1	2023-05-24
108	46	50	1	3	1	1	2023-07-16
109	47	50	1	3	1	2	2023-08-13
110	32	48	2	4	1	1	2023-08-28
111	16	51	1	4	1	1	2023-09-21
112	14	51	1	4	1	1	2023-07-26
113	5	51	1	4	1	1	2023-08-10
114	6	51	1	4	1	2	2023-06-04
115	36	51	1	4	1	1	2023-08-24
116	30	51	1	4	1	1	2023-08-31
117	20	71	1	4	1	1	2023-09-11
118	17	71	1	4	1	1	2023-07-02
119	15	71	1	4	1	1	2023-09-21
120	19	71	1	4	1	1	2023-07-01
121	7	71	1	4	1	2	2023-09-08
122	8	71	1	4	1	1	2023-10-03
123	12	70	3	4	2	2	2023-06-10
124	23	44	1	1	1	1	2023-09-10
125	15	44	1	1	1	1	2023-08-23
126	4	44	1	1	1	2	2023-07-15
127	4	35	1	4	1	1	2023-08-11
128	6	35	1	4	1	2	2023-06-05
129	1	35	1	4	1	2	2023-09-29
130	9	35	1	4	1	1	2023-06-22
131	21	38	5	10	1	1	2023-07-18
132	16	38	1	10	1	2	2023-07-07
133	32	38	1	10	1	1	2023-07-05
134	15	38	1	10	1	1	2023-06-24
135	17	38	1	10	1	1	2023-06-08
136	16	78	1	4	1	1	2023-06-28
137	5	77	1	4	1	1	2023-08-23
138	7	77	1	4	1	1	2023-07-12
139	1	77	1	4	1	2	2023-08-02
140	15	27	1	4	1	2	2023-08-12
141	30	27	7	4	1	1	2023-07-19
142	16	33	1	5	1	1	2023-09-19
143	17	33	1	5	1	1	2023-07-13
144	13	33	1	5	1	2	2023-10-06
145	20	62	1	5	1	1	2023-08-31
146	26	26	1	1	1	1	2023-06-11
147	28	26	1	1	1	1	2023-08-04
148	31	26	1	1	1	1	2023-09-19
149	26	32	1	1	1	1	2023-07-29
150	24	32	1	1	1	1	2023-05-18
151	29	32	1	1	1	2	2023-07-14
152	8	12	5	3	1	1	2023-08-30
153	2	1	1	1	1	1	2023-07-04
154	6	1	1	1	1	1	2023-08-23
155	6	28	1	3	1	1	2023-07-16
156	3	28	1	3	1	1	2023-07-30
157	15	11	1	3	1	2	2023-10-11
158	30	43	1	1	1	1	2023-05-20
159	5	43	1	1	1	1	2023-07-19
160	24	9	1	3	1	1	2023-05-23
161	26	9	6	3	1	1	2023-06-01
162	24	7	1	9	1	1	2023-09-26
163	31	30	1	5	2	2	2023-07-25
164	34	30	1	5	1	1	2023-09-15
165	6	30	1	5	1	2	2023-07-10
166	5	65	1	5	1	1	2023-07-27
167	1	65	1	5	1	1	2023-05-23
168	10	13	1	5	1	2	2023-08-25
169	25	13	1	5	1	1	2023-10-01
170	26	13	1	5	1	2	2023-09-21
171	31	13	1	5	1	1	2023-09-05
172	32	13	1	5	1	1	2023-07-20
173	33	13	1	5	1	1	2023-06-21
174	15	36	1	5	1	1	2023-09-14
175	16	36	1	5	1	1	2023-09-26
176	19	23	1	6	1	2	2023-09-27
177	25	23	1	6	1	1	2023-09-29
178	34	23	1	6	1	2	2023-07-04
179	37	37	1	6	1	1	2023-06-22
180	39	37	1	6	1	1	2023-10-10
181	40	8	1	6	1	1	2023-08-18
182	44	8	1	6	1	1	2023-09-03
183	45	8	1	6	1	1	2023-10-10
184	47	8	1	6	1	2	2023-06-15
185	35	6	1	1	1	1	2023-07-08
186	34	6	1	1	2	2	2023-07-28
187	36	6	1	1	2	2	2023-07-13
188	15	5	1	6	1	1	2023-09-20
189	46	5	1	6	1	1	2023-06-07
190	14	5	5	6	1	1	2023-09-29
191	5	4	1	6	1	1	2023-07-24
192	16	4	1	6	1	1	2023-06-17
193	34	3	1	7	1	1	2023-10-04
194	8	3	1	9	1	2	2023-09-09
195	1	3	1	9	1	1	2023-06-30
196	10	2	1	7	1	1	2023-05-26
197	16	2	3	7	1	1	2023-10-06
198	32	2	1	7	1	2	2023-06-04
199	14	2	1	7	1	1	2023-07-01
200	19	2	1	7	1	1	2023-07-07
201	50	59	1	7	1	1	2023-08-15
202	1	60	1	9	1	1	2023-10-15
203	11	60	1	10	1	2	2023-07-11
204	5	25	6	10	1	1	2023-05-29
205	42	25	1	10	1	1	2023-08-17
206	43	25	1	10	1	1	2023-07-12
207	15	25	1	10	1	1	2023-07-22
208	16	25	1	10	1	2	2023-05-18
209	10	25	1	10	1	1	2023-07-21
210	14	16	1	10	1	1	2023-08-20
211	4	16	1	10	1	1	2023-05-23
212	1	16	1	10	1	1	2023-08-14
213	6	16	4	10	1	2	2023-08-30
214	10	16	1	10	1	1	2023-10-09
215	23	29	1	9	1	1	2023-08-31
216	26	29	1	9	1	2	2023-05-25
217	45	29	1	9	1	1	2023-08-19
218	48	17	1	7	1	1	2023-08-17
219	49	17	1	7	1	1	2023-08-30
220	12	18	1	7	1	2	2023-06-25
221	14	18	1	7	1	1	2023-08-25
222	20	19	1	6	1	1	2023-06-20
223	14	19	1	6	1	1	2023-06-13
224	34	15	1	6	1	1	2023-07-17
225	41	15	4	6	1	1	2023-07-02
226	32	14	1	6	1	1	2023-07-18
227	16	14	1	6	1	1	2023-05-29
228	25	14	1	6	1	1	2023-05-29
229	9	14	1	6	1	1	2023-09-02
230	34	21	3	1	1	2	2023-10-13
231	1	21	3	1	1	1	2023-06-23
232	10	21	1	1	1	1	2023-05-21
233	6	55	1	9	1	1	2023-08-12
234	31	66	1	4	1	1	2023-05-25
235	9	66	2	4	1	1	2023-05-28
